3 0 0
5 0 0
6 0 0
14 0 0
15 0 0
16 0 0
19 0 0
22 0 0
2 0 1
8 0 1
14 0 1
15 0 1
17 0 1
18 0 1
20 0 1
22 0 1
25 0 1
28 0 1
1 0 2
9 0 2
13 0 2
14 0 2
15 0 2
18 0 2
20 0 2
21 0 2
23 0 2
24 0 2
26 0 2
28 0 2
31 0 2
34 0 2
4 0 3
5 0 3
8 0 3
10 0 3
11 0 3
19 0 3
22 0 3
24 0 3
26 0 3
27 0 3
29 0 3
30 0 3
32 0 3
34 0 3
3 0 4
15 0 4
16 0 4
18 0 4
20 0 4
22 0 4
25 0 4
28 0 4
30 0 4
32 0 4
33 0 4
35 0 4
4 0 5
9 0 5
10 0 5
11 0 5
13 0 5
14 0 5
16 0 5
17 0 5
18 0 5
20 0 5
21 0 5
23 0 5
24 0 5
26 0 5
28 0 5
31 0 5
34 0 5
1 0 6
11 0 6
12 0 6
13 0 6
16 0 6
17 0 6
19 0 6
22 0 6
24 0 6
26 0 6
27 0 6
29 0 6
30 0 6
32 0 6
34 0 6
1 0 7
9 0 7
10 0 7
12 0 7
14 0 7
18 0 7
20 0 7
22 0 7
25 0 7
28 0 7
30 0 7
32 0 7
33 0 7
35 0 7
3 0 8
4 0 8
5 0 8
7 0 8
8 0 8
10 0 8
11 0 8
15 0 8
18 0 8
20 0 8
21 0 8
23 0 8
24 0 8
26 0 8
28 0 8
31 0 8
34 0 8
